-0.0077403 -0.0233514 0.0019812
0.0024948 -0.0057867 0.0076596
0.0093892 -0.0075994 0.0234932
0.0060294 0.0053154 0.0048403
0.0033815 -0.0027019 0.0034208
-0.0015877 -0.0004128 -0.0028003
-0.0030714 -0.0054573 -0.0061019
-0.0025177 0.0002874 -0.0064359
0.0018346 0.0055237 -0.0054771
-0.0136164 0.0267808 0.0094505
-0.0073785 0.0353984 -0.0162262
0.0109145 0.0064419 -0.0270837
0.0126304 -0.0189964 -0.0075889
-0.0019807 -0.0007831 0.0282736
-0.0018483 -0.0042909 -0.0022697
-0.0005021 -0.0064622 -0.0013160
-0.0047647 -0.0005898 0.0011986
0.0027165 -0.0000859 0.0005193
0.0002413 -0.0009583 0.0030732
0.0001869 -0.0006922 0.0015654
0.0019983 -0.0000954 0.0020281
0.0002440 -0.0006608 0.0015955
0.0005437 0.0002243 -0.0012853
0.0007750 0.0022255 0.0009800
-0.0004568 0.0007564 0.0000488
0.0012386 -0.0011927 -0.0004550
-0.0015388 -0.0012988 -0.0011145
0.0008209 0.0007179 0.0003876
-0.0002211 0.0004978 -0.0021201
-0.0008520 -0.0010171 0.0000456
0.0009285 -0.0019541 -0.0006688
0.0014132 0.0025950 -0.0016757
-0.0018765 0.0012149 0.0006956
-0.0019198 0.0030958 0.0023147
-0.0017682 0.0052140 -0.0028868
0.0014907 0.0004271 -0.0041353
0.0018759 -0.0031212 -0.0019782
-0.0027930 -0.0005606 0.0026142
-0.0045128 -0.0083476 -0.0042460
-0.0009360 -0.0002319 -0.0002790
0.0007351 -0.0000676 -0.0000410
